dummy
dummy
dummy
dummy
dummy
dummy
dummy
dummy
dummy
600 600
dummy
dummy
4
9
12
9
11
13
15
20
15
31
43
39
33
37
29
27
18
8
21
14
13
9
19
10
12
13
10
8
13
16
14
16
13
20
10
7
8
12
13
13
15
16
21
14
11
15
13
10
17
10
15
16
22
16
20
27
15
15
19
12
23
16
20
15
19
22
21
12
21
25
18
17
18
13
21
17
24
28
19
22
15
14
20
17
19
12
12
11
13
13
14
8
12
13
16
11
10
14
16
20
11
10
12
11
6
10
10
14
18
13
13
12
9
12
13
12
11
14
19
12
8
12
10
14
14
11
14
13
9
10
14
15
9
10
14
17
9
9
16
13
14
12
10
14
7
7
6
17
11
18
10
14
15
13
13
7
7
15
15
15
8
11
16
5
7
6
11
7
6
7
8
7
7
5
2
5
3
2
6
2
1
6
1
2
1
1
3
5
1
0
2
4
4
1
2
6
4
7
5
12
3
5
11
10
11
11
11
15
14
22
23
21
31
24
40
38
41
33
43
44
38
34
50
42
50
53
46
40
59
47
54
53
49
42
57
38
19
31
32
23
36
26
16
24
19
19
9
14
8
9
8
6
4
3
4
1
0
2
2
1
1
1
1
1
0
0
0
0
0
1
1
0
0
0
0
0
0
0
0
0
0
0
0
0
0
0
0
0
0
0
0
0
0
0
0
0
0
0
0
0
0
0
0
0
0
0
0
0
0
0
0
0
0
0
0
0
0
0
0
0
0
0
0
0
0
0
0
0
0
0
0
0
0
0
0
0
0
0
0
0
0
0
0
0
0
0
0
0
0
0
0
0
0
0
0
0
0
0
0
0
0
0
0
0
0
0
0
0
0
0
0
0
0
0
0
0
0
0
0
0
0
0
0
0
0
0
0
0
0
0
0
0
0
0
0
0
0
0
0
0
0
0
0
0
0
0
0
0
0
0
0
0
0
0
0
0
0
0
0
0
0
0
0
0
0
0
0
0
0
0
0
0
0
0
0
0
0
0
0
0
0
0
0
0
0
0
0
0
0
0
0
0
0
0
0
0
0
0
0
0
0
0
0
0
0
0
0
0
0
0
0
0
0
0
0
0
0
0
0
0
0
0
0
0
0
0
0
0
0
0
0
0
0
0
0
0
0
0
0
0
0
0
0
0
0
0
0
0
0
0
0
0
0
dummy
dummy
dummy
dummy
dummy
dummy
dummy
dummy
dummy
dummy
dummy
dummy
dummy
