dummy
dummy
dummy
dummy
dummy
dummy
dummy
dummy
dummy
600 600
dummy
dummy
8
11
16
22
11
9
19
8
10
18
20
11
19
12
11
14
17
14
17
19
16
14
12
13
10
13
16
22
18
14
20
9
13
19
15
11
9
20
17
12
18
12
12
13
10
15
10
14
13
16
12
18
19
16
16
16
17
12
15
24
18
14
25
23
17
18
18
23
16
16
20
20
26
28
27
22
22
14
17
16
21
20
29
22
17
20
25
23
24
22
28
27
20
24
13
21
20
14
23
19
24
18
18
18
15
28
19
19
16
14
14
14
18
14
12
15
15
10
13
15
18
9
4
15
23
10
9
14
22
13
9
11
16
10
11
14
14
15
9
14
12
7
10
11
16
12
23
9
9
14
4
17
13
13
13
10
15
17
14
12
14
14
9
8
13
10
14
9
4
11
16
20
12
14
12
9
16
13
14
16
12
10
13
16
18
11
13
10
23
10
12
19
17
12
10
10
7
16
11
20
10
10
17
15
21
11
6
21
17
23
6
12
16
14
17
14
14
9
20
10
12
15
17
14
20
12
8
16
13
13
14
13
12
11
15
15
10
12
14
11
14
11
17
8
12
12
12
9
11
11
14
19
11
10
11
15
15
18
14
10
12
10
16
8
16
13
20
11
11
16
16
13
14
12
15
15
17
10
12
19
9
20
9
19
16
13
17
15
16
15
14
14
14
10
14
14
8
12
17
11
20
18
18
15
15
14
18
21
22
19
13
17
19
7
13
15
18
23
21
13
11
16
14
17
13
19
17
12
22
17
13
8
16
15
18
6
10
16
8
8
15
11
12
16
19
11
12
7
12
15
10
14
15
8
10
8
9
12
10
8
12
11
18
11
7
10
9
11
9
10
14
19
16
15
9
12
9
21
20
25
12
16
19
23
20
25
24
23
24
23
29
22
25
28
21
36
28
29
29
21
27
22
25
28
30
22
33
26
22
19
23
35
18
20
16
20
27
17
12
11
17
7
9
13
14
10
11
11
12
14
7
14
12
14
12
7
16
13
15
17
15
26
12
17
14
20
19
24
16
21
13
16
17
22
13
22
10
18
23
19
19
15
17
19
21
14
15
22
15
14
11
6
12
10
12
8
18
10
3
7
11
10
4
2
3
2
3
7
2
6
4
3
3
1
2
0
1
0
1
1
1
0
0
1
0
0
0
0
2
0
1
1
0
dummy
dummy
dummy
dummy
dummy
dummy
dummy
dummy
dummy
dummy
dummy
dummy
dummy
